R-squared: 0.8954690907135158
Adjusted R-squared: 0.8950093615907605
F-statistic: 1947.8189359566966
