R-squared: 0.6892913961609628
Adjusted R-squared: 0.6879248932303899
F-statistic: 504.41999116088783
