R-squared: 0.9031488491283792
Adjusted R-squared: 0.9027228957435672
F-statistic: 2120.2997354442155
