R-squared: 0.9174960680099122
Adjusted R-squared: 0.9171332139934633
F-statistic: 2528.5542571330725
