R-squared: 0.9342605220153689
Adjusted R-squared: 0.9339713984178555
F-statistic: 3231.3534075051066
