R-squared: 0.12315535772990294
Adjusted R-squared: 0.11929897667538913
F-statistic: 31.9354742150674
