PEN_USD: 2.1836881897611576e-49
ETH_USD: 8.866002357855441e-148
INR_USD: 6.2657425357306e-33
CNY_USD: 7.340707258366092e-58
NZD_USD: 1.9386094096463117e-63
BTC_USD: 3.1252674879315228e-46
USDT_USD: 3.0896012707964086e-22
CHF_USD: 2.301136508945309e-24
JPY_USD: 9.526148373295593e-77
