PEN_USD: 0.1487905495965708
ETH_USD: 0.04828357424381655
INR_USD: 0.08282256475403292
CNY_USD: 0.08321842149861765
NZD_USD: 0.07386856184648202
BTC_USD: 0.028347276731538633
USDT_USD: 0.6436375262794755
CHF_USD: 0.06019705004331162
JPY_USD: 0.043771889923415706
